    1.000000   477.000000
    2.000000   693.000000
    3.000000  1258.000000
    4.000000  3090.000000
    5.000000  4783.000000
    6.000000  5444.000000
    7.000000  5529.000000
    8.000000  6441.500000
    9.000000  7602.000000
   10.000000  8085.500000
   11.000000  8267.500000
   12.000000  8540.000000
   13.000000  8339.500000
   14.000000  8630.500000
   15.000000  8725.000000
   16.000000  8440.000000
   17.000000  8833.000000
   18.000000  9019.500000
   19.000000  9113.500000
   20.000000  9082.000000
   21.000000  8983.000000
   22.000000  8984.000000
   23.000000  8918.000000
   24.000000  8853.000000
   25.000000  8943.500000
   26.000000  8743.500000
   27.000000  8566.000000
   28.000000  8584.500000
   29.000000  8486.000000
   30.000000  8217.000000
   31.000000  8523.500000
   32.000000  8389.000000
   33.000000  8561.500000
   34.000000  8475.500000
   35.000000  7861.500000
   36.000000  7482.000000
   37.000000  7759.500000
   38.000000  7530.000000
   39.000000  6452.500000
   40.000000  6834.500000
   41.000000  7296.000000
   42.000000  7282.500000
   43.000000  4278.000000
   44.000000  6384.000000
   45.000000  6850.000000
   46.000000  6552.000000
   47.000000  6346.000000
   48.000000  6013.000000
   49.000000  5068.500000
   50.000000  5282.500000
   51.000000  5681.000000
   52.000000  5728.500000
   53.000000  5610.500000
   54.000000  5579.500000
   55.000000  5655.500000
   56.000000  5614.000000
   57.000000  4802.000000
   58.000000  4431.500000
   59.000000  4175.500000
   60.000000  4337.500000
   61.000000  2064.000000
   62.000000  2215.000000
   63.000000  2438.500000
   64.000000  3182.000000
   65.000000  4259.500000
   66.000000  4660.000000
   67.000000  5125.500000
   68.000000  5092.500000
   69.000000  5069.000000
   70.000000  5042.000000
   71.000000  4980.000000
   72.000000  4903.000000
   73.000000  4812.000000
   74.000000  4660.000000
   75.000000  4503.000000
   76.000000  4437.000000
   77.000000  4248.500000
   78.000000  3825.500000
   79.000000  3252.500000
   80.000000  1657.000000
   81.000000   988.500000
   82.000000  1362.500000
   83.000000  1393.000000
   84.000000  1941.500000
   85.000000  2917.000000
   86.000000  3233.000000
   87.000000  3146.500000
   88.000000  3329.500000
   89.000000  3191.500000
   90.000000  3321.000000
   91.000000  3448.000000
   92.000000  3538.000000
   93.000000  3516.500000
   94.000000  3390.500000
   95.000000  2974.000000
   96.000000  2791.500000
   97.000000  3190.000000
   98.000000  2720.000000
   99.000000  2936.000000
  100.000000  3123.500000
  101.000000  3049.000000
  102.000000  2732.000000
  103.000000  2393.000000
  104.000000  2018.000000
  105.000000  1523.500000
  106.000000   831.500000
  107.000000    57.500000
  108.000000    87.000000
  109.000000   208.000000
  110.000000   265.000000
  111.000000   392.000000
  112.000000   744.000000
  113.000000   704.500000
  114.000000   678.500000
  115.000000   967.500000
  116.000000  1495.000000
  117.000000  1758.500000
  118.000000  2003.500000
  119.000000  2119.000000
  120.000000  2167.500000
  121.000000  2184.500000
  122.000000  2159.000000
  123.000000  2076.500000
  124.000000  1893.000000
  125.000000  1965.000000
  126.000000  1965.500000
  127.000000  1851.500000
  128.000000  1890.500000
  129.000000  1938.000000
  130.000000  1878.000000
  131.000000  1802.500000
  132.000000  1805.000000
  133.000000  1760.000000
  134.000000  1729.500000
  135.000000  1689.000000
  136.000000  1645.000000
  137.000000  1588.000000
  138.000000  1535.500000
  139.000000  1449.000000
  140.000000  1355.000000
  141.000000  1295.500000
  142.000000  1265.500000
  143.000000  1146.000000
  144.000000   969.000000
  145.000000   756.000000
  146.000000   506.500000
  147.000000   197.500000
  148.000000    63.000000
  149.000000   180.000000
  150.000000   287.000000
  151.000000   756.500000
  152.000000  1190.500000
  153.000000  1266.500000
  154.000000   541.500000
  155.000000   315.000000
  156.000000   639.500000
  157.000000  1323.500000
  158.000000  1477.500000
  159.000000  1104.500000
  160.000000   969.500000
  161.000000  1081.000000
  162.000000  1390.500000
  163.000000  1497.500000
  164.000000  1534.000000
  165.000000  1545.500000
  166.000000  1525.000000
  167.000000  1548.500000
  168.000000  1538.500000
  169.000000  1459.500000
  170.000000  1396.000000
  171.000000  1371.500000
  172.000000  1356.500000
  173.000000  1349.500000
  174.000000  1282.500000
  175.000000  1329.000000
  176.000000  1323.000000
  177.000000  1291.000000
  178.000000  1246.500000
  179.000000  1195.000000
  180.000000  1130.000000
  181.000000  1108.000000
  182.000000  1077.500000
  183.000000  1026.000000
  184.000000   982.500000
  185.000000  1027.500000
  186.000000   889.000000
  187.000000   949.000000
  188.000000   834.000000
  189.000000   741.000000
  190.000000   809.000000
  191.000000   664.500000
  192.000000   629.500000
  193.000000   631.500000
  194.000000   668.500000
  195.000000   532.500000
  196.000000   470.000000
  197.000000   571.000000
  198.000000   490.500000
  199.000000   311.000000
  200.000000   455.500000
  201.000000   318.500000
  202.000000   178.000000
  203.000000    64.000000
  204.000000    99.500000
