228,60.5,32,37
229,60.5,30,37
227,60.5,32,37
227,60.5,32,37
227,60.5,32,37
227,60.5,32,37
227,60.5,32,37
226,60.5,34,37
225,60.5,34,37
225,60.5,34,37
225,60.5,34,37
224.5,61.5,35,35
225,60.5,34,37
226,61.5,32,37
224,61.5,34,37
224,61.5,34,37
224,61.5,34,37
223.5,62.5,35,35
223.5,62.5,35,35
222.5,63.5,35,35
219.5,63.5,37,35
216.5,64.5,39,35
213.5,64.5,39,35
210.5,65.5,39,35
209.5,65.5,37,37
209.5,66.5,35,35
209,67.5,34,35
208.5,67.5,35,37
208,68.5,34,37
208,69.5,32,37
207,68.5,32,39
205,70.5,34,37
205,71.5,32,37
204,71.5,32,39
205,71.5,30,39
203,72.5,32,39
203,73.5,32,37
203,74.5,32,37
201,74.5,34,35
200,74.5,34,37
199,74.5,34,35
197.5,74.5,35,37
196,74.5,34,37
194,75.5,32,35
192,75.5,32,37
191,75.5,32,37
189,75.5,32,37
187,75.5,34,37
186,76.5,34,35
186,76.5,32,35
184,77,34,34
183.5,77.5,35,35
183,78.5,34,35
182,78,32,34
180,79,34,32
180,80,32,30
178,81,34,30
178,80,32,32
176,80,32,34
175,80.5,32,35
174,80.5,32,35
173,81.5,32,35
173,82,32,34
173,81.5,30,35
171,82,32,34
169,81.5,34,35
168,82.5,32,35
167,82,32,34
165,82.5,32,35
165,82,30,34
163,83,32,32
160,83,34,32
160,83,32,32
160,83,30,32
158,82,32,34
157,83,32,32
154,83,34,32
154,83,32,32
152,83,32,32
152,84,30,30
150,82,30,32
148,81,32,34
148,81,30,34
146,81,30,34
142,82,32,32
142,82,30,32
140,82,30,34
137,82,32,34
135,82.5,32,35
134,83,30,34
130,83.5,32,35
128,83,32,34
123,84.5,34,35
121,84,32,34
120,86,30,32
119,86,32,32
120,88,32,30
121,88,32,30
124,87,32,32
125,86,34,34
129,87,32,34
130,87.5,32,35
132,88,32,34
134,89,34,32
137,88,34,34
138.5,89,35,32
142.5,89,35,32
146,90,34,30
148.5,89.5,35,29
153,89,34,30
157,87,34,32
159.5,86,35,34
164,86,34,32
168,87,34,30
172.5,86.5,35,29
175.5,86.5,37,29
179.5,87,37,30
184.5,85,35,32
187,85,34,34
191,84.5,34,35
195.5,84,35,34
197.5,83.5,37,35
201.5,82.5,35,35
205.5,81.5,35,37
209,81.5,34,35
212,79.5,34,37
213,79.5,34,35
216,78.5,32,35
216,78,34,34
217,78.5,34,35
219,78.5,32,35
221,78.5,30,35
223,77.5,30,35
226,77,30,34
228,76,32,34
230,75,34,34
231,75.5,32,35
233,75,32,34
234,74.5,30,35
236,74,32,34
240,73,34,32
244.5,74,35,30
246.5,72,37,32
247.5,72,39,32
251.5,72,37,32
255.5,72,35,30
257.5,70,37,32
261.5,70,35,30
263,69,34,30
265,67,32,32
267,65,30,34
268.5,63.5,29,35
271,59.5,30,37
270,56.5,32,39
271,53.5,30,41
272,51.5,30,43
271,50.5,32,45
273,48.5,30,45
271,47.5,32,47
273,47.5,30,45
274,46.5,30,43
275.5,43.5,29,41
278,42.5,28,39
279,41.5,28,37
281,38.5,26,39
281.5,36.5,25,39
280,34.5,26,41
279,34.5,26,39
278,33.5,26,39
277,32.5,26,39
277.5,33.5,25,37
277,34.5,26,35
277,36,26,34
277,36,26,34
275,36,28,34
276,37,26,34
277.5,36,25,34
276,38,26,32
276,40,26,30
276,39,26,32
276,39,26,32
276,42,26,30
277,41,26,32
277,42,26,32
276,42,28,34
277,44,26,32
277,46,28,30
278,46,26,30
278,46,26,32
279,47,26,30
278,47.5,28,29
278,47.5,28,29
278,47.5,28,29
278,48,28,30
278,48.5,28,29
280,50,26,28
280,51,26,28
280,52,26,28
281,53,26,28
279,54.5,28,29
280,55,26,30
280.5,56,25,30
280.5,57,25,30
282,57.5,24,29
281.5,58.5,23,29
282,58.5,22,29
281.5,60,21,28
281.5,61,21,26
281.5,62,21,26
281,63.5,20,25
280.5,64,19,26
281,64,18,28
281.5,64,17,28
282,66,16,26
283,66.5,16,25
284,68,16,24
283.5,70.5,15,23
283.5,71,15,22
284.5,71.5,15,21
284.5,71.5,15,21
284.5,71.5,15,21
284.5,72.5,15,21
284.5,72.5,15,21
285,72,14,22
285.5,72.5,13,21
284.5,71.5,13,21
284,71.5,12,21
284,71.5,12,21
284.5,70.5,11,21
285.5,70.5,11,21
287,69,10,20
287,68.5,10,21
287,69,10,20
286,69.5,10,19
284.5,70,11,20
284.5,64.5,11,21
283,65,12,20
281.5,64.5,13,21
279.5,66,13,20
278,66.5,12,21
277,67,12,22
277,70,12,22
276,70.5,12,23
275,71.5,12,23
273.5,70,13,24
270.5,70.5,13,23
269,70,12,22
268,70,12,22
266.5,69.5,13,21
267,69.5,12,21
267,70,12,20
267,70.5,12,19
266.5,70,13,20
268,71.5,12,19
267,69,12,20
265.5,69,13,20
263.5,68.5,13,21
263.5,69,13,20
262.5,70.5,13,19
260.5,69,13,20
260,68.5,12,21
260,68,12,22
258.5,68,13,22
259,67.5,12,23
259,67.5,12,23
259,67.5,12,23
259.5,69,11,22
260,70.5,12,21
260.5,70.5,11,21
261.5,70,11,22
262.5,67.5,11,23
264,68,10,22
264.5,67.5,11,21
264.5,67,11,20
266,67,10,20
265.5,66.5,11,21
265.5,66.5,11,21
265.5,66,11,22
265.5,66,11,22
265.5,65.5,11,23
265.5,66,11,22
265.5,66,11,22
266.5,66,11,22
267.5,65,11,22
266,67.5,12,21
267,73,12,20
269.5,72.5,11,21
271.5,72.5,11,21
272,71.5,12,21
272.5,71,13,22
271.5,69.5,13,23
271,67,14,24
271.5,65.5,15,25
271.5,64.5,15,25
271,63.5,16,25
270.5,62,17,24
270,61,18,24
269.5,59.5,19,25
269,58,20,26
269.5,59,21,26
269,59,22,26
267,60,22,26
267,59,22,28
266.5,59,23,28
266,59,24,28
265.5,58.5,25,29
266,58,26,30
265,58,26,30
264,57,26,32
264.5,55,25,34
266,54.5,24,35
265.5,52.5,25,37
265,50.5,26,37
264,50.5,28,37
261.5,52.5,29,35
260,52.5,30,37
258,52.5,30,39
256,53.5,32,41
254,53.5,34,43
254,53.5,32,45
255,53.5,30,47
251,55.5,32,47
247,57.5,34,47
244.5,59.5,35,45
240.5,59.5,37,47
237.5,61.5,37,47
234.5,64.5,37,45
231.5,64.5,39,45
229.5,66.5,39,43
226.5,67.5,41,43
222.5,69.5,41,45
218.5,71.5,43,45
215.5,72.5,41,47
212.5,76.5,41,45
211.5,77.5,39,43
212.5,77.5,37,41
213.5,78.5,35,39
213.5,77.5,35,41
212.5,78.5,35,39
211.5,79.5,35,37
209.5,79.5,35,37
208,78.5,34,39
206,81.5,34,37
203.5,80.5,35,39
201.5,82.5,35,37
198.5,82.5,37,37
196.5,82.5,39,37
194.5,83.5,39,37
191.5,84.5,41,35
188.5,85.5,39,35
185.5,86,41,34
181.5,86.5,41,35
177.5,86.5,39,37
176.5,87.5,37,37
175.5,87.5,35,35
174,87.5,34,37
171,88.5,34,35
170,88,32,34
169,88,32,34
166,89,34,34
164.5,90,35,32
162.5,89,37,34
164.5,90,35,32
166.5,92,35,30
169.5,92,35,30
172,92.5,34,29
175,93,34,30
178.5,92,35,32
180.5,92,37,34
182.5,93.5,37,35
184.5,94,37,34
187.5,95,35,34
190,96.5,34,35
190.5,97,35,34
190.5,98.5,37,35
191.5,98.5,35,37
191.5,100.5,35,35
191.5,102.5,35,35
190.5,103.5,37,35
189.5,104,39,34
190.5,105.5,37,35
189.5,106,39,34
190.5,107,37,34
190.5,108,37,32
190.5,110,37,32
190.5,112,37,30
190.5,113.5,37,29
191.5,114,37,28
193.5,116,35,26
193.5,116,35,26
193,117.5,34,25
193,118.5,34,25
193.5,119.5,35,25
193.5,119.5,35,25
192.5,120.5,37,25
192.5,120.5,37,25
192.5,121.5,37,25
194.5,122.5,35,25
193.5,122,37,26
194.5,122,37,28
196.5,122.5,35,29
197.5,123,35,30
198,122,34,32
199,121,32,34
197,121.5,34,35
195.5,120.5,35,37
194.5,119.5,35,37
193.5,116.5,35,39
192.5,116.5,37,37
193.5,113.5,35,39
192.5,112.5,35,37
191.5,111.5,35,35
192,110,34,34
191.5,109,35,32
191.5,109,35,30
189.5,107,37,32
188.5,105,39,34
188.5,104,37,34
187.5,102,37,34
187.5,102,35,32
186.5,102,35,30
186,100,34,32
186,101,32,30
187,100,30,30
186,100,30,30
185,98,30,32
185,97,30,34
183,97,32,34
181,98,34,32
181,98,32,32
179,98,34,32
177,99,34,30
176,99,34,30
175,99,34,30
174,99,32,30
174,99,30,30
171,97,32,32
170,97,30,32
168,96,32,34
168,96,30,34
166,95.5,32,35
167,95.5,30,35
166,95,30,34
166,95.5,30,35
165,95,30,34
165,95.5,30,35
164,95.5,32,35
165,95.5,32,35
166,95.5,32,35
169,96,30,34
170,96,32,34
172,96,32,34
175,97,32,32
176,99,34,30
179,100,34,30
183,100.5,32,29
186,102,30,28
188.5,102.5,29,29
191,103.5,30,29
193,104.5,30,29
195,104,32,30
197,103,34,32
199,103,34,34
201,104.5,32,35
203,104.5,30,35
204,105.5,30,35
204.5,106,29,34
204.5,106,29,34
205,107,30,34
204.5,108,29,32
205,110,28,30
204.5,111.5,29,29
206,111.5,30,29
208.5,112,29,30
210.5,112,29,30
213,111.5,30,29
214,111,32,30
217,111,30,30
219,110,30,32
220,110,32,32
223,110,30,32
226,109,30,32
228,109,32,34
230,109.5,32,35
233,108.5,30,35
233,107.5,32,37
234,107.5,32,37
235,107.5,32,37
235,108.5,32,37
235,108.5,32,37
235,108.5,32,37
235,108.5,32,39
234,109.5,34,39
234,111.5,32,37
232,111.5,34,37
230,110.5,34,39
228,109.5,32,41
225,109.5,34,41
225,109.5,32,43
223,110.5,32,41
221,110.5,34,41
220,110.5,34,41
220,111.5,34,39
218.5,110.5,35,39
217.5,109.5,35,41
218,110.5,34,39
218,110.5,32,39
219,110.5,30,39
219,111.5,30,37
219,111.5,30,37
218.5,110.5,29,39
218.5,108.5,29,41
218,108.5,30,39
218,107.5,30,39
218,109.5,30,37
218,110.5,30,35
217,109,30,34
215,110,30,32
211,112,32,30
208,111.5,32,29
206,111,34,28
203.5,112,35,26
198.5,111,35,28
194,111,34,28
191.5,110.5,35,29
188.5,110.5,35,29
186.5,109.5,35,29
183.5,108.5,37,29
181.5,108,35,28
178.5,107.5,35,29
178,107,34,30
178,106.5,32,29
178,106,30,30
177.5,106,29,30
176,107,30,30
175.5,106,29,32
177,106,28,32
176.5,107,29,30
177.5,108,29,30
177,108,30,30
176,109.5,32,29
175,110,34,28
177,111,32,26
177,111,34,26
177.5,110,35,28
178,109.5,34,29
179,109.5,34,29
182,108.5,32,29
184,107,32,30
185,105,32,30
187,102,30,30
188.5,98,29,32
